#       step         time           dt          wss        u_tau      div_max          U_b      rho_max      rho_min
           1 3.272606e-02   3.2726e-02 1.051143e-03 3.242133e-02   4.0396e-15 1.000000e+00 2.687122e-01 3.809609e-02
           2 6.545235e-02   3.2726e-02 1.050173e-03 3.240638e-02   3.8052e-15 1.000000e+00 2.687131e-01 3.809634e-02
           3 9.817865e-02   3.2726e-02 1.049589e-03 3.239737e-02   4.5181e-15 1.000000e+00 2.687131e-01 3.809634e-02
           4 1.309049e-01   3.2726e-02 1.049714e-03 3.239929e-02   4.5083e-15 1.000000e+00 2.687131e-01 3.809634e-02
           5 1.636312e-01   3.2726e-02 1.049697e-03 3.239903e-02   4.4826e-15 1.000000e+00 2.687131e-01 3.809634e-02
           6 1.963575e-01   3.2726e-02 1.049729e-03 3.239953e-02   4.4977e-15 1.000000e+00 2.687131e-01 3.809634e-02
           7 2.290838e-01   3.2726e-02 1.049742e-03 3.239973e-02   4.4898e-15 1.000000e+00 2.687131e-01 3.809634e-02
           8 2.618101e-01   3.2726e-02 1.049759e-03 3.239999e-02   4.5191e-15 1.000000e+00 2.687131e-01 3.809634e-02
           9 2.945364e-01   3.2726e-02 1.049772e-03 3.240019e-02   4.4707e-15 1.000000e+00 2.687131e-01 3.809634e-02
          10 3.272627e-01   3.2726e-02 1.049784e-03 3.240037e-02   4.5137e-15 1.000000e+00 2.687131e-01 3.809634e-02
          11 3.599890e-01   3.2726e-02 1.049794e-03 3.240053e-02   4.4167e-15 1.000000e+00 2.687131e-01 3.809634e-02
          12 3.927153e-01   3.2726e-02 1.049803e-03 3.240067e-02   4.5038e-15 1.000000e+00 2.687131e-01 3.809634e-02
          13 4.254416e-01   3.2726e-02 1.049811e-03 3.240079e-02   4.5165e-15 1.000000e+00 2.687131e-01 3.809634e-02
          14 4.581679e-01   3.2726e-02 1.049819e-03 3.240091e-02   4.4936e-15 1.000000e+00 2.687131e-01 3.809634e-02
          15 4.908942e-01   3.2726e-02 1.049826e-03 3.240101e-02   4.4702e-15 1.000000e+00 2.687131e-01 3.809634e-02
          16 5.236205e-01   3.2726e-02 1.049832e-03 3.240111e-02   4.3694e-15 1.000000e+00 2.687131e-01 3.809634e-02
          17 5.563468e-01   3.2726e-02 1.049837e-03 3.240119e-02   4.4552e-15 1.000000e+00 2.687131e-01 3.809634e-02
          18 5.890731e-01   3.2726e-02 1.049842e-03 3.240127e-02   4.5063e-15 1.000000e+00 2.687131e-01 3.809634e-02
          19 6.217994e-01   3.2726e-02 1.049847e-03 3.240135e-02   4.4635e-15 1.000000e+00 2.687131e-01 3.809634e-02
          20 6.545257e-01   3.2726e-02 1.049852e-03 3.240141e-02   4.5033e-15 1.000000e+00 2.687131e-01 3.809634e-02
          21 6.872520e-01   3.2726e-02 1.049856e-03 3.240148e-02   4.4572e-15 1.000000e+00 2.687131e-01 3.809634e-02
          22 7.199783e-01   3.2726e-02 1.049860e-03 3.240154e-02   4.5136e-15 1.000000e+00 2.687131e-01 3.809634e-02
          23 7.527046e-01   3.2726e-02 1.049863e-03 3.240159e-02   4.5030e-15 1.000000e+00 2.687131e-01 3.809634e-02
          24 7.854309e-01   3.2726e-02 1.049867e-03 3.240164e-02   4.4159e-15 1.000000e+00 2.687131e-01 3.809634e-02
          25 8.181572e-01   3.2726e-02 1.049870e-03 3.240169e-02   4.4908e-15 1.000000e+00 2.687131e-01 3.809634e-02
          26 8.508835e-01   3.2726e-02 1.049873e-03 3.240174e-02   4.4556e-15 1.000000e+00 2.687131e-01 3.809635e-02
          27 8.836098e-01   3.2726e-02 1.049876e-03 3.240178e-02   4.5115e-15 1.000000e+00 2.687131e-01 3.809635e-02
          28 9.163361e-01   3.2726e-02 1.049878e-03 3.240183e-02   4.5180e-15 1.000000e+00 2.687131e-01 3.809635e-02
          29 9.490624e-01   3.2726e-02 1.049881e-03 3.240187e-02   4.4691e-15 1.000000e+00 2.687131e-01 3.809635e-02
          30 9.817887e-01   3.2726e-02 1.049883e-03 3.240190e-02   4.5103e-15 1.000000e+00 2.687131e-01 3.809635e-02
          31 1.014515e+00   3.2726e-02 1.049886e-03 3.240194e-02   4.5025e-15 1.000000e+00 2.687131e-01 3.809635e-02
          32 1.047241e+00   3.2726e-02 1.049888e-03 3.240197e-02   4.5173e-15 1.000000e+00 2.687131e-01 3.809635e-02
          33 1.079968e+00   3.2726e-02 1.049890e-03 3.240201e-02   4.5095e-15 1.000000e+00 2.687131e-01 3.809635e-02
          34 1.112694e+00   3.2726e-02 1.049892e-03 3.240204e-02   4.4970e-15 1.000000e+00 2.687131e-01 3.809635e-02
          35 1.145420e+00   3.2726e-02 1.049894e-03 3.240207e-02   4.4461e-15 1.000000e+00 2.687131e-01 3.809635e-02
          36 1.178146e+00   3.2726e-02 1.049896e-03 3.240210e-02   4.4984e-15 1.000000e+00 2.687131e-01 3.809635e-02
          37 1.210873e+00   3.2726e-02 1.049898e-03 3.240212e-02   4.5108e-15 1.000000e+00 2.687131e-01 3.809635e-02
          38 1.243599e+00   3.2726e-02 1.049899e-03 3.240215e-02   4.5177e-15 1.000000e+00 2.687131e-01 3.809635e-02
          39 1.276325e+00   3.2726e-02 1.049901e-03 3.240217e-02   4.4829e-15 1.000000e+00 2.687131e-01 3.809635e-02
          40 1.309052e+00   3.2726e-02 1.049903e-03 3.240220e-02   4.4449e-15 1.000000e+00 2.687131e-01 3.809635e-02
          41 1.341778e+00   3.2726e-02 1.049904e-03 3.240222e-02   4.4515e-15 1.000000e+00 2.687131e-01 3.809635e-02
          42 1.374504e+00   3.2726e-02 1.049906e-03 3.240225e-02   4.5090e-15 1.000000e+00 2.687131e-01 3.809635e-02
          43 1.407231e+00   3.2726e-02 1.049907e-03 3.240227e-02   4.5075e-15 1.000000e+00 2.687131e-01 3.809635e-02
          44 1.439957e+00   3.2726e-02 1.049908e-03 3.240229e-02   4.5155e-15 1.000000e+00 2.687131e-01 3.809635e-02
          45 1.472683e+00   3.2726e-02 1.049910e-03 3.240231e-02   4.5168e-15 1.000000e+00 2.687131e-01 3.809635e-02
          46 1.505409e+00   3.2726e-02 1.049911e-03 3.240233e-02   4.5139e-15 1.000000e+00 2.687131e-01 3.809635e-02
          47 1.538136e+00   3.2726e-02 1.049912e-03 3.240235e-02   4.4546e-15 1.000000e+00 2.687131e-01 3.809635e-02
          48 1.570862e+00   3.2726e-02 1.049913e-03 3.240237e-02   4.5140e-15 1.000000e+00 2.687131e-01 3.809635e-02
          49 1.603588e+00   3.2726e-02 1.049915e-03 3.240238e-02   4.5049e-15 1.000000e+00 2.687131e-01 3.809635e-02
          50 1.636315e+00   3.2726e-02 1.049916e-03 3.240240e-02   4.4834e-15 1.000000e+00 2.687131e-01 3.809635e-02
          51 1.669041e+00   3.2726e-02 1.049917e-03 3.240242e-02   4.4862e-15 1.000000e+00 2.687131e-01 3.809635e-02
          52 1.701767e+00   3.2726e-02 1.049918e-03 3.240244e-02   4.4972e-15 1.000000e+00 2.687131e-01 3.809635e-02
          53 1.734494e+00   3.2726e-02 1.049919e-03 3.240245e-02   4.4168e-15 1.000000e+00 2.687131e-01 3.809635e-02
          54 1.767220e+00   3.2726e-02 1.049920e-03 3.240247e-02   4.4976e-15 1.000000e+00 2.687131e-01 3.809635e-02
          55 1.799946e+00   3.2726e-02 1.049921e-03 3.240248e-02   4.3940e-15 1.000000e+00 2.687131e-01 3.809635e-02
          56 1.832672e+00   3.2726e-02 1.049922e-03 3.240250e-02   4.4717e-15 1.000000e+00 2.687131e-01 3.809635e-02
          57 1.865399e+00   3.2726e-02 1.049923e-03 3.240251e-02   4.4637e-15 1.000000e+00 2.687131e-01 3.809635e-02
          58 1.898125e+00   3.2726e-02 1.049924e-03 3.240253e-02   4.5059e-15 1.000000e+00 2.687131e-01 3.809635e-02
          59 1.930851e+00   3.2726e-02 1.049925e-03 3.240254e-02   4.3975e-15 1.000000e+00 2.687131e-01 3.809635e-02
          60 1.963578e+00   3.2726e-02 1.049925e-03 3.240255e-02   4.5161e-15 1.000000e+00 2.687131e-01 3.809635e-02
          61 1.996304e+00   3.2726e-02 1.049926e-03 3.240257e-02   4.4338e-15 1.000000e+00 2.687131e-01 3.809635e-02
          62 2.029030e+00   3.2726e-02 1.049927e-03 3.240258e-02   4.4828e-15 1.000000e+00 2.687131e-01 3.809635e-02
          63 2.061757e+00   3.2726e-02 1.049928e-03 3.240259e-02   4.4951e-15 1.000000e+00 2.687131e-01 3.809635e-02
          64 2.094483e+00   3.2726e-02 1.049929e-03 3.240260e-02   4.4810e-15 1.000000e+00 2.687131e-01 3.809635e-02
          65 2.127209e+00   3.2726e-02 1.049929e-03 3.240261e-02   4.5124e-15 1.000000e+00 2.687131e-01 3.809635e-02
          66 2.159935e+00   3.2726e-02 1.049930e-03 3.240263e-02   4.4779e-15 1.000000e+00 2.687131e-01 3.809635e-02
          67 2.192662e+00   3.2726e-02 1.049931e-03 3.240264e-02   4.5126e-15 1.000000e+00 2.687131e-01 3.809635e-02
           1 2.337657e-02   2.3377e-02 1.050431e-03 3.241036e-02   8.1535e-13 1.000000e+00 2.264064e-01 2.781793e-02
           2 3.889105e-02   1.5514e-02 7.228248e-04 2.688540e-02   5.5067e-13 1.000000e+00 1.769813e-01 1.881413e-02
           3 5.481794e-02   1.5927e-02 7.887049e-04 2.808389e-02   9.8588e-14 1.000000e+00 1.800067e-01 1.929495e-02
           4 7.134316e-02   1.6525e-02 7.757274e-04 2.785188e-02   3.5527e-14 1.000000e+00 1.842979e-01 1.999083e-02
           5 8.782221e-02   1.6479e-02 7.671068e-04 2.769669e-02   4.4409e-14 1.000000e+00 1.839709e-01 1.993722e-02
           6 1.043854e-01   1.6563e-02 7.619049e-04 2.760263e-02   4.1744e-14 1.000000e+00 1.845665e-01 2.003493e-02
           7 1.221606e-01   1.7775e-02 7.531880e-04 2.744427e-02   4.2411e-14 1.000000e+00 1.929063e-01 2.143813e-02
           8 1.404284e-01   1.8268e-02 7.551634e-04 2.748024e-02   4.3077e-14 1.000000e+00 1.961729e-01 2.200609e-02
           9 1.593041e-01   1.8876e-02 7.562325e-04 2.749968e-02   4.0856e-14 1.000000e+00 2.001107e-01 2.270512e-02
          10 1.792776e-01   1.9974e-02 7.567891e-04 2.750980e-02   4.6629e-14 1.000000e+00 2.069731e-01 2.396240e-02
          11 1.993961e-01   2.0118e-02 7.634554e-04 2.763070e-02   4.2633e-14 1.000000e+00 2.078561e-01 2.412790e-02
          12 2.202946e-01   2.0898e-02 7.663666e-04 2.768333e-02   3.9524e-14 1.000000e+00 2.125191e-01 2.501658e-02
          13 2.414199e-01   2.1125e-02 7.729702e-04 2.780234e-02   4.8600e-14 1.000000e+00 2.138476e-01 2.527436e-02
          14 2.631279e-01   2.1708e-02 7.776727e-04 2.788678e-02   3.8580e-14 1.000000e+00 2.172055e-01 2.593528e-02
          15 2.851635e-01   2.2036e-02 7.838847e-04 2.799794e-02   4.0856e-14 1.000000e+00 2.190601e-01 2.630618e-02
          16 3.073401e-01   2.2177e-02 7.900886e-04 2.810852e-02   3.6970e-14 1.000000e+00 2.198504e-01 2.646551e-02
          17 3.298979e-01   2.2558e-02 7.956750e-04 2.820771e-02   3.4195e-14 1.000000e+00 2.219665e-01 2.689601e-02
          18 3.527533e-01   2.2855e-02 8.016333e-04 2.831313e-02   3.9857e-14 1.000000e+00 2.235968e-01 2.723158e-02
          19 3.754395e-01   2.2686e-02 8.080578e-04 2.842636e-02   3.4639e-14 1.000000e+00 2.226721e-01 2.704083e-02
          20 3.995242e-01   2.4085e-02 8.118243e-04 2.849253e-02   3.7970e-14 1.000000e+00 2.301351e-01 2.861237e-02
          21 4.238536e-01   2.4329e-02 8.183776e-04 2.860730e-02   3.6261e-14 1.000000e+00 2.314002e-01 2.888621e-02
          22 4.476139e-01   2.3760e-02 8.244677e-04 2.871355e-02   3.1308e-14 1.000000e+00 2.284397e-01 2.824881e-02
          23 4.721368e-01   2.4523e-02 8.288271e-04 2.878936e-02   3.0753e-14 1.000000e+00 2.323930e-01 2.910268e-02
          24 4.973215e-01   2.5185e-02 8.340293e-04 2.887956e-02   3.0198e-14 1.000000e+00 2.357331e-01 2.984117e-02
          25 5.222418e-01   2.4920e-02 8.395765e-04 2.897545e-02   2.6201e-14 1.000000e+00 2.344087e-01 2.954644e-02
          26 5.468372e-01   2.4595e-02 8.445469e-04 2.906109e-02   2.2649e-14 1.000000e+00 2.327626e-01 2.918362e-02
          27 5.723170e-01   2.5480e-02 8.486512e-04 2.913162e-02   2.2649e-14 1.000000e+00 2.371963e-01 3.016975e-02
          28 5.978444e-01   2.5527e-02 8.535963e-04 2.921637e-02   2.4036e-14 1.000000e+00 2.374308e-01 3.022270e-02
          29 6.240260e-01   2.6182e-02 8.576425e-04 2.928553e-02   2.0428e-14 1.000000e+00 2.406128e-01 3.094934e-02
          30 6.504449e-01   2.6419e-02 8.620764e-04 2.936114e-02   2.3204e-14 1.000000e+00 2.417477e-01 3.121220e-02
          31 6.771141e-01   2.6669e-02 8.661372e-04 2.943021e-02   2.0040e-14 1.000000e+00 2.429351e-01 3.148937e-02
          32 7.039699e-01   2.6856e-02 8.701349e-04 2.949805e-02   2.0178e-14 1.000000e+00 2.438133e-01 3.169577e-02
          33 7.310609e-01   2.7091e-02 8.739353e-04 2.956240e-02   1.9595e-14 1.000000e+00 2.449119e-01 3.195566e-02
          34 7.580763e-01   2.7015e-02 8.777020e-04 2.962604e-02   1.7653e-14 1.000000e+00 2.445594e-01 3.187206e-02
          35 7.857551e-01   2.7679e-02 8.810443e-04 2.968239e-02   1.7680e-14 1.000000e+00 2.476167e-01 3.260377e-02
          36 8.137145e-01   2.7959e-02 8.845544e-04 2.974146e-02   1.6764e-14 1.000000e+00 2.488880e-01 3.291249e-02
          37 8.418984e-01   2.8184e-02 8.878262e-04 2.979641e-02   1.4627e-14 1.000000e+00 2.498959e-01 3.315916e-02
          38 8.698944e-01   2.7996e-02 8.910710e-04 2.985081e-02   1.4794e-14 1.000000e+00 2.490530e-01 3.295275e-02
          39 8.978905e-01   2.7996e-02 8.940584e-04 2.990081e-02   1.2934e-14 1.000000e+00 2.490534e-01 3.295286e-02
          40 9.262077e-01   2.8317e-02 8.969168e-04 2.994857e-02   1.2441e-14 1.000000e+00 2.504911e-01 3.330562e-02
          41 9.545377e-01   2.8330e-02 8.997441e-04 2.999574e-02   1.2768e-14 1.000000e+00 2.505484e-01 3.331975e-02
          42 9.831251e-01   2.8587e-02 9.023740e-04 3.003954e-02   1.3343e-14 1.000000e+00 2.516886e-01 3.360208e-02
          43 1.011600e+00   2.8475e-02 9.049879e-04 3.008302e-02   1.2046e-14 1.000000e+00 2.511898e-01 3.347831e-02
          44 1.039907e+00   2.8307e-02 9.074366e-04 3.012369e-02   1.0839e-14 1.000000e+00 2.504460e-01 3.329450e-02
          45 1.068188e+00   2.8281e-02 9.097681e-04 3.016236e-02   1.0644e-14 1.000000e+00 2.503318e-01 3.326635e-02
          46 1.096976e+00   2.8787e-02 9.119668e-04 3.019879e-02   1.0103e-14 1.000000e+00 2.525674e-01 3.382121e-02
          47 1.126145e+00   2.9169e-02 9.141528e-04 3.023496e-02   1.1172e-14 1.000000e+00 2.542296e-01 3.423931e-02
          48 1.155298e+00   2.9153e-02 9.162726e-04 3.027000e-02   1.0075e-14 1.000000e+00 2.541601e-01 3.422175e-02
